{"timestamp":280670466266040,"intrinsics":[1613.7047119140625,0,0,0,1613.7047119140625,0,941.38348388671875,727.04339599609375,1],"transform":[0.018272051587700844,-0.60253793001174927,0.79788118600845337,0,0.99886238574981689,-0.024157728999853134,-0.041117925196886063,0,0.044050108641386032,0.79772466421127319,0.60141110420227051,0,0.017051920294761658,-4.8032030463218689e-05,0.011743448674678802,0.99999994039535522],"euler_angles":[-0.92351251840591431,0.073114030063152313,-1.6108682155609131],"exposure_duration":16666666}
{"timestamp":280670482925665,"intrinsics":[1613.7047119140625,0,0,0,1613.7047119140625,0,941.3726806640625,727.05389404296875,1],"transform":[0.01675562746822834,-0.60449004173278809,0.79643642902374268,0,0.99874389171600342,-0.027501525357365608,-0.041885308921337128,0,0.047222472727298737,0.79613775014877319,0.60327005386352539,0,0.016535516828298569,-0.00032822228968143463,0.011085528880357742,0.99999994039535522],"euler_angles":[-0.92088550329208374,0.078118212521076202,-1.6162604093551636],"exposure_duration":16666666}
{"timestamp":280670499585041,"intrinsics":[1613.7047119140625,0,0,0,1613.7047119140625,0,941.37060546875,727.05938720703125,1],"transform":[0.013919761404395103,-0.61290961503982544,0.79003036022186279,0,0.99858540296554565,-0.032029133290052414,-0.042442724108695984,0,0.051317550241947174,0.78950351476669312,0.61159682273864746,0,0.022907325997948647,-0.0037043355405330658,0.015267543494701385,0.99999988079071045],"euler_angles":[-0.90999960899353027,0.083711393177509308,-1.6230063438415527],"exposure_duration":16666666}
{"timestamp":280670516244040,"intrinsics":[1613.7047119140625,0,0,0,1613.7047119140625,0,941.375,727.0604248046875,1],"transform":[0.011882730759680271,-0.61284911632537842,0.79011046886444092,0,0.99855798482894897,-0.034097384661436081,-0.041465289890766144,0,0.052352674305438995,0.78946387767791748,0.61156034469604492,0,0.024960296228528023,-0.0051714293658733368,0.016450129449367523,0.99999988079071045],"euler_angles":[-0.90993505716323853,0.085396885871887207,-1.6263765096664429],"exposure_duration":16666666}
{"timestamp":280670532903500,"intrinsics":[1613.7047119140625,0,0,0,1613.7047119140625,0,941.38055419921875,727.056640625,1],"transform":[0.010785613209009171,-0.61137223243713379,0.79126954078674316,0,0.99865162372589111,-0.033598527312278748,-0.039572194218635559,0,0.050778843462467194,0.79062944650650024,0.61018562316894531,0,0.02551591582596302,-0.0059432033449411392,0.016601048409938812,0.99999988079071045],"euler_angles":[-0.91183632612228394,0.083027370274066925,-1.6256970167160034],"exposure_duration":16666666}
{"timestamp":280670549562291,"intrinsics":[1613.7047119140625,0,0,0,1613.7047119140625,0,941.3848876953125,727.0526123046875,1],"transform":[0.010468805208802223,-0.60991019010543823,0.79240143299102783,0,0.99875402450561523,-0.032291267067193985,-0.038049578666687012,0,0.048794474452733994,0.79181236028671265,0.60881215333938599,0,0.025545932352542877,-0.006440257653594017,0.01637759804725647,0.99999994039535522],"euler_angles":[-0.91377067565917969,0.07997605949640274,-1.623691201210022],"exposure_duration":16666666}
{"timestamp":280670566221833,"intrinsics":[1613.7047119140625,0,0,0,1613.7047119140625,0,941.38848876953125,727.0516357421875,1],"transform":[0.010206988081336021,-0.60847753286361694,0.79350548982620239,0,0.99883866310119629,-0.031164184212684631,-0.036745607852935791,0,0.047087829560041428,0.79295891523361206,0.60745280981063843,0,0.025450624525547028,-0.0068809054791927338,0.01602524146437645,0.99999994039535522],"euler_angles":[-0.91565018892288208,0.077362149953842163,-1.6219682693481445],"exposure_duration":16666666}
{"timestamp":280670582881083,"intrinsics":[1613.7047119140625,0,0,0,1613.7047119140625,0,941.394775390625,727.05267333984375,1],"transform":[0.0095045370981097221,-0.60673552751541138,0.79484689235687256,0,0.99892646074295044,-0.030277593061327934,-0.035056840628385544,0,0.0453362837433815,0.79432684183120728,0.6057964563369751,0,0.025401806458830833,-0.0073356647044420242,0.015658516436815262,0.99999982118606567],"euler_angles":[-0.91789865493774414,0.07469823956489563,-1.6206574440002441],"exposure_duration":16666666}
{"timestamp":280670599540208,"intrinsics":[1613.7047119140625,0,0,0,1613.7047119140625,0,941.40069580078125,727.0517578125,1],"transform":[0.0072070718742907047,-0.6063615083694458,0.79515659809112549,0,0.99904364347457886,-0.029929939657449722,-0.031878679990768433,0,0.043128985911607742,0.79462575912475586,0.60556590557098389,0,0.028327763080596924,-0.0086704753339290619,0.017296858131885529,0.99999994039535522],"euler_angles":[-0.91839087009429932,0.071100905537605286,-1.6201162338256836],"exposure_duration":16666666}
{"timestamp":280670616199625,"intrinsics":[1613.7047119140625,0,0,0,1613.7047119140625,0,941.40838623046875,727.04913330078125,1],"transform":[0.0061148288659751415,-0.60467302799224854,0.79645037651062012,0,0.9991147518157959,-0.029456768184900284,-0.030034676194190979,0,0.041622009128332138,0.79592889547348022,0.60395753383636475,0,0.029446551576256752,-0.0093725882470607758,0.017714578658342361,0.99999988079071045],"euler_angles":[-0.92054039239883423,0.068806663155555725,-1.6194730997085571],"exposure_duration":16666666}
{"timestamp":280670649517916,"intrinsics":[1613.7047119140625,0,0,0,1613.7047119140625,0,941.4263916015625,727.03643798828125,1],"transform":[0.0042674248106777668,-0.60100865364074707,0.79923123121261597,0,0.99934995174407959,-0.026051709428429604,-0.024926392361521721,0,0.035802312195301056,0.79881793260574341,0.60050678253173828,0,0.03021523542702198,-0.010061115026473999,0.017679270356893539,1],"euler_angles":[-0.92532765865325928,0.059549670666456223,-1.614115834236145],"exposure_duration":16666666}
{"timestamp":280670666177249,"intrinsics":[1613.7047119140625,0,0,0,1613.7047119140625,0,941.43206787109375,727.03143310546875,1],"transform":[0.0033483575098216534,-0.59943276643753052,0.80041807889938354,0,0.99948322772979736,-0.023586519062519073,-0.021845046430826187,0,0.031973704695701599,0.80007749795913696,0.59904402494430542,0,0.030417777597904205,-0.010226253420114517,0.017632745206356049,0.99999994039535522],"euler_angles":[-0.92742437124252319,0.053323950618505478,-1.6101241111755371],"exposure_duration":16666666}
{"timestamp":280670682836540,"intrinsics":[1613.7047119140625,0,0,0,1613.7047119140625,0,941.438232421875,727.026123046875,1],"transform":[0.0020945535507053137,-0.59816849231719971,0.80136764049530029,0,0.99960958957672119,-0.02107660286128521,-0.018345016986131668,0,0.027863515540957451,0.80109310150146484,0.59789085388183594,0,0.030626341700553894,-0.010347394272685051,0.017641305923461914,0.99999994039535522],"euler_angles":[-0.9291192889213562,0.046569321304559708,-1.606016993522644],"exposure_duration":16666666}
{"timestamp":280670699495750,"intrinsics":[1613.7047119140625,0,0,0,1613.7047119140625,0,941.44256591796875,727.02056884765625,1],"transform":[-0.0024997403379529715,-0.59901410341262817,0.80073469877243042,0,0.99968898296356201,-0.021371401846408844,-0.012866695411503315,0,0.024820160120725632,0.80045336484909058,0.59888112545013428,0,0.03137391060590744,-0.010969709604978561,0.018245488405227661,0.99999994039535522],"euler_angles":[-0.92805123329162598,0.04142051562666893,-1.6064587831497192],"exposure_duration":16666666}
{"timestamp":280670716155125,"intrinsics":[1613.7047119140625,0,0,0,1613.7047119140625,0,941.4478759765625,727.01495361328125,1],"transform":[-0.0049728304147720337,-0.59774941205978394,0.80166757106781006,0,0.99979078769683838,-0.018878364935517311,-0.0078744962811470032,0,0.019841155037283897,0.8014606237411499,0.59771841764450073,0,0.031864479184150696,-0.011316053569316864,0.018594324588775635,0.99999994039535522],"euler_angles":[-0.92973357439041138,0.033182635903358459,-1.6023682355880737],"exposure_duration":16666666}
{"timestamp":280670732814291,"intrinsics":[1614.1566162109375,0,0,0,1614.1566162109375,0,941.45648193359375,727.00714111328125,1],"transform":[-0.0082210488617420197,-0.59612101316452026,0.80285263061523438,0,0.99986714124679565,-0.016211926937103271,-0.0017989806365221739,0,0.014088205061852932,0.80273109674453735,0.59617501497268677,0,0.032321371138095856,-0.011631781235337257,0.01886092871427536,0.99999994039535522],"euler_angles":[-0.93186098337173462,0.023626592010259628,-1.5979852676391602],"exposure_duration":16666666}
{"timestamp":280670749473500,"intrinsics":[1613.7047119140625,0,0,0,1613.7047119140625,0,941.46356201171875,727.00164794921875,1],"transform":[-0.012212544679641724,-0.59426409006118774,0.80417722463607788,0,0.99989432096481323,-0.01360885426402092,0.0051282220520079136,0,0.0078964065760374069,0.80415475368499756,0.59436756372451782,0,0.032867696136236191,-0.012044517323374748,0.019052233546972275,0.99999988079071045],"euler_angles":[-0.93425214290618896,0.013284611515700817,-1.5936926603317261],"exposure_duration":16666666}
{"timestamp":280670766132665,"intrinsics":[1613.7047119140625,0,0,0,1613.7047119140625,0,941.4730224609375,726.9957275390625,1],"transform":[-0.017314238473773003,-0.59181672334671021,0.80588656663894653,0,0.99984985589981079,-0.010758448392152786,0.01358084287494421,0,0.00063271669205278158,0.80600064992904663,0.59191411733627319,0,0.033595018088817596,-0.012660330161452293,0.01918518915772438,0.99999994039535522],"euler_angles":[-0.93736404180526733,0.0010689328191801906,-1.5889730453491211],"exposure_duration":16666666}
{"timestamp":280670782791958,"intrinsics":[1613.7047119140625,0,0,0,1613.7047119140625,0,941.48553466796875,726.98858642578125,1],"transform":[-0.023658130317926407,-0.58846580982208252,0.80817592144012451,0,0.99968612194061279,-0.0072508174926042557,0.023984702304005623,0,-0.0082542402669787407,0.80848950147628784,0.58845263719558716,0,0.034555166959762573,-0.01355857215821743,0.019229169934988022,0.99999994039535522],"euler_angles":[-0.94158095121383667,-0.014026105403900146,-1.5831172466278076],"exposure_duration":16666666}
{"timestamp":280670799451207,"intrinsics":[1613.7047119140625,0,0,0,1613.7047119140625,0,941.51055908203125,726.97540283203125,1],"transform":[-0.034728124737739563,-0.58634603023529053,0.80931603908538818,0,0.99924463033676147,-0.0062316348776221275,0.038363248109817505,0,-0.017450766637921333,0.81003683805465698,0.58611941337585449,0,0.0365767702460289,-0.015463599003851414,0.019939936697483063,0.99999994039535522],"euler_angles":[-0.94421494007110596,-0.029764605686068535,-1.5814238786697388],"exposure_duration":16666666}
{"timestamp":280670816110458,"intrinsics":[1613.7047119140625,0,0,0,1613.7047119140625,0,941.53985595703125,726.9610595703125,1],"transform":[-0.044296473264694214,-0.57912302017211914,0.81403583288192749,0,0.99850070476531982,0.00056593515910208225,0.054736919701099396,0,-0.032160103321075439,0.81523990631103516,0.57822984457015991,0,0.038371149450540543,-0.017441051080822945,0.020050548017024994,0.99999988079071045],"euler_angles":[-0.95314335823059082,-0.05556095764040947,-1.5698190927505493],"exposure_duration":16666666}
{"timestamp":280670832769665,"intrinsics":[1613.2528076171875,0,0,0,1613.2528076171875,0,941.5830078125,726.9432373046875,1],"transform":[-0.05594538152217865,-0.56784904003143311,0.82122939825057983,0,0.99717527627944946,0.0095095084980130196,0.074506983160972595,0,-0.050118207931518555,0.82307791709899902,0.56571298837661743,0,0.04024813324213028,-0.019995745271444321,0.019788272678852081,0.99999994039535522],"euler_angles":[-0.96680945158004761,-0.088362298905849457,-1.554051399230957],"exposure_duration":16666666}
{"timestamp":280670849428958,"intrinsics":[1613.7047119140625,0,0,0,1613.7047119140625,0,941.673095703125,726.91851806640625,1],"transform":[-0.069953419268131256,-0.55080366134643555,0.83169829845428467,0,0.99515789747238159,0.019177628681063652,0.09640251100063324,0,-0.069048859179019928,0.83441460132598877,0.5467950701713562,0,0.042266871780157089,-0.023571206256747246,0.019143618643283844,1],"euler_angles":[-0.98706978559494019,-0.12561434507369995,-1.5359928607940674],"exposure_duration":16666666}
{"timestamp":280670866088250,"intrinsics":[1613.2528076171875,0,0,0,1613.2528076171875,0,941.7698974609375,726.9068603515625,1],"transform":[-0.086007073521614075,-0.52701324224472046,0.84549379348754883,0,0.99269711971282959,0.026721874251961708,0.11763744056224823,0,-0.084589704871177673,0.84943675994873047,0.52086633443832397,0,0.044355422258377075,-0.028463440015912056,0.018011365085840225,0.99999994039535522],"euler_angles":[-1.0149170160293579,-0.16099637746810913,-1.5201352834701538],"exposure_duration":16666666}
{"timestamp":280670882747332,"intrinsics":[1613.2528076171875,0,0,0,1613.2528076171875,0,941.8853759765625,726.9046630859375,1],"transform":[-0.10599412769079208,-0.50031572580337524,0.85933095216751099,0,0.9901115894317627,0.026761921122670174,0.13770647346973419,0,-0.091894052922725677,0.86542952060699463,0.49253171682357788,0,0.046746004372835159,-0.034790106117725372,0.01663694903254509,1],"euler_angles":[-1.0460070371627808,-0.18445411324501038,-1.5173572301864624],"exposure_duration":16666666}
{"timestamp":280670899406583,"intrinsics":[1612.8009033203125,0,0,0,1612.8009033203125,0,942.0462646484375,726.91412353515625,1],"transform":[-0.12199544161558151,-0.47111254930496216,0.87359601259231567,0,0.98794329166412354,0.026887958869338036,0.15246386826038361,0,-0.095316849648952484,0.88166320323944092,0.46215227246284485,0,0.048704441636800766,-0.041387315839529037,0.014972764998674393,0.99999988079071045],"euler_angles":[-1.0793752670288086,-0.20339362323284149,-1.5137848854064941],"exposure_duration":16666666}
{"timestamp":280670916065750,"intrinsics":[1613.2528076171875,0,0,0,1613.2528076171875,0,942.1531982421875,726.92767333984375,1],"transform":[-0.13575708866119385,-0.44536775350570679,0.88499581813812256,0,0.98624461889266968,0.024269457906484604,0.16350188851356506,0,-0.094296850264072418,0.8950188159942627,0.4359467625617981,0,0.050167649984359741,-0.047487206757068634,0.013473235070705414,0.99999994039535522],"euler_angles":[-1.1084734201431274,-0.21302181482315063,-1.5163570642471313],"exposure_duration":16666666}
{"timestamp":280670932724875,"intrinsics":[1613.2528076171875,0,0,0,1613.2528076171875,0,942.2264404296875,726.94012451171875,1],"transform":[-0.14666262269020081,-0.42908239364624023,0.89127904176712036,0,0.98483568429946899,0.021077925339341164,0.17220501601696014,0,-0.092676475644111633,0.90301942825317383,0.41948428750038147,0,0.051136843860149384,-0.051763303577899933,0.012794893234968185,0.99999994039535522],"euler_angles":[-1.1267468929290771,-0.2174367755651474,-1.5217125415802002],"exposure_duration":16666666}
{"timestamp":280670949384291,"intrinsics":[1613.2528076171875,0,0,0,1613.2528076171875,0,942.2314453125,726.95025634765625,1],"transform":[-0.15410318970680237,-0.42862507700920105,0.8902430534362793,0,0.98368316888809204,0.018107887357473373,0.17899626493453979,0,-0.092842727899551392,0.90330100059509277,0.41884076595306396,0,0.051590383052825928,-0.053038615733385086,0.013419013470411301,0.99999994039535522],"euler_angles":[-1.1274027824401855,-0.21813876926898956,-1.5285749435424805],"exposure_duration":16666666}
{"timestamp":280670966043416,"intrinsics":[1613.2528076171875,0,0,0,1613.2528076171875,0,942.1678466796875,726.9517822265625,1],"transform":[-0.15768447518348694,-0.44336745142936707,0.88236099481582642,0,0.98286813497543335,0.015880092978477478,0.18362522125244141,0,-0.095425441861152649,0.89619928598403931,0.43326768279075623,0,0.051545958966016769,-0.050958603620529175,0.01543981209397316,0.99999988079071045],"euler_angles":[-1.1111271381378174,-0.21678486466407776,-1.5349946022033691],"exposure_duration":16666666}
{"timestamp":280670982702916,"intrinsics":[1613.7047119140625,0,0,0,1613.7047119140625,0,942.0587158203125,726.9488525390625,1],"transform":[-0.15799598395824432,-0.47037047147750854,0.86821025609970093,0,0.98234319686889648,0.014345726929605007,0.18653781712055206,0,-0.10019700974225998,0.88235253095626831,0.45979860424995422,0,0.051074802875518799,-0.045597020536661148,0.019019093364477158,0.99999994039535522],"euler_angles":[-1.0808380842208862,-0.21456068754196167,-1.5403070449829102],"exposure_duration":16666666}
{"timestamp":280670999362041,"intrinsics":[1613.2528076171875,0,0,0,1613.2528076171875,0,941.84930419921875,726.9404296875,1],"transform":[-0.15658584237098694,-0.51138406991958618,0.84496587514877319,0,0.98207467794418335,0.010274432599544525,0.18821248412132263,0,-0.10493044555187225,0.85929083824157715,0.50060856342315674,0,0.049976751208305359,-0.036967229098081589,0.024146813899278641,0.99999994039535522],"euler_angles":[-1.0338815450668335,-0.20661458373069763,-1.5507075786590576],"exposure_duration":16666666}
{"timestamp":280671016021208,"intrinsics":[1614.1566162109375,0,0,0,1614.1566162109375,0,941.65484619140625,726.937744140625,1],"transform":[-0.15161792933940887,-0.55896884202957153,0.81520897150039673,0,0.98235094547271729,0.0061857239343225956,0.18694543838500977,0,-0.10953935235738754,0.82916551828384399,0.54816567897796631,0,0.048442412167787552,-0.025724286213517189,0.031292874366044998,0.99999988079071045],"euler_angles":[-0.97761321067810059,-0.19723105430603027,-1.5597304105758667],"exposure_duration":16666666}
{"timestamp":280671032680624,"intrinsics":[1613.7047119140625,0,0,0,1613.7047119140625,0,941.4384765625,726.94158935546875,1],"transform":[-0.1441379189491272,-0.61337727308273315,0.77652591466903687,0,0.98342913389205933,-0.0015912340022623539,0.18128620088100433,0,-0.10996119678020477,0.78978836536407471,0.60344254970550537,0,0.046374481171369553,-0.012478603050112724,0.04013640433549881,0.99999988079071045],"euler_angles":[-0.91046386957168579,-0.18024547398090363,-1.5733904838562012],"exposure_duration":16666666}
{"timestamp":280671049339833,"intrinsics":[1614.1566162109375,0,0,0,1614.1566162109375,0,941.13922119140625,726.95050048828125,1],"transform":[-0.1347338855266571,-0.67114603519439697,0.72897863388061523,0,0.9850199818611145,-0.010812521912157536,0.17210210859775543,0,-0.10762356221675873,0.74124634265899658,0.66254901885986328,0,0.043822295963764191,0.0020728129893541336,0.050579201430082321,0.99999994039535522],"euler_angles":[-0.83492523431777954,-0.16103212535381317,-1.5869054794311523],"exposure_duration":16666666}
{"timestamp":280671065998791,"intrinsics":[1614.6085205078125,0,0,0,1614.6085205078125,0,940.9259033203125,726.95404052734375,1],"transform":[-0.12427889555692673,-0.72813588380813599,0.67407190799713135,0,0.98666059970855713,-0.018697123974561691,0.16171425580978394,0,-0.10514675825834274,0.68517774343490601,0.72074663639068604,0,0.040914446115493774,0.017175259068608284,0.062517561018466949,0.99999994039535522],"euler_angles":[-0.75484770536422729,-0.14486394822597504,-1.5964688062667847],"exposure_duration":16666666}
{"timestamp":280671082658207,"intrinsics":[1614.6085205078125,0,0,0,1614.6085205078125,0,940.73370361328125,726.953369140625,1],"transform":[-0.1130727156996727,-0.78118973970413208,0.61396825313568115,0,0.98812407255172729,-0.023704774677753448,0.15181878209114075,0,-0.1040453240275383,0.62384337186813354,0.7745928168296814,0,0.037883471697568893,0.032038740813732147,0.075696669518947601,0.99999988079071045],"euler_angles":[-0.67365074157714844,-0.13352340459823608,-1.6011314392089844],"exposure_duration":16666666}
{"timestamp":280671099317375,"intrinsics":[1614.6085205078125,0,0,0,1614.6085205078125,0,940.5208740234375,726.94622802734375,1],"transform":[-0.10208222270011902,-0.82816183567047119,0.55111449956893921,0,0.98934632539749146,-0.026716286316514015,0.14310872554779053,0,-0.1037934273481369,0.55985188484191895,0.82206618785858154,0,0.034586925059556961,0.046093493700027466,0.08952677994966507,0.99999988079071045],"euler_angles":[-0.5942070484161377,-0.12559464573860168,-1.603044867515564],"exposure_duration":16666666}
{"timestamp":280671115976708,"intrinsics":[1615.5123291015625,0,0,0,1615.5123291015625,0,940.39739990234375,726.935791015625,1],"transform":[-0.090411625802516937,-0.8677104115486145,0.48877832293510437,0,0.99041026830673218,-0.026857243850827217,0.13552214205265045,0,-0.1044667512178421,0.49634388089179993,0.86181759834289551,0,0.031075334176421165,0.058862686157226562,0.10333282500505447,0.99999982118606567],"euler_angles":[-0.51938217878341675,-0.12062826007604599,-1.6017383337020874],"exposure_duration":16666666}
{"timestamp":280671132636000,"intrinsics":[1615.5123291015625,0,0,0,1615.5123291015625,0,940.3037109375,726.9234619140625,1],"transform":[-0.07855871319770813,-0.89957666397094727,0.42963981628417969,0,0.99139547348022461,-0.025230096653103828,0.12844789028167725,0,-0.10470887273550034,0.43603360652923584,0.893818199634552,0,0.027522765100002289,0.069960117340087891,0.11644667387008667,0.99999994039535522],"euler_angles":[-0.45118650794029236,-0.11661631613969803,-1.5988355875015259],"exposure_duration":16666666}
{"timestamp":280671149295124,"intrinsics":[1615.5123291015625,0,0,0,1615.5123291015625,0,940.21929931640625,726.90576171875,1],"transform":[-0.066933766007423401,-0.9241141676902771,0.3762086033821106,0,0.99234044551849365,-0.022419579327106476,0.12148267775774002,0,-0.10382945835590363,0.38145825266838074,0.91853642463684082,0,0.024073474109172821,0.079189322888851166,0.12822270393371582,0.99999994039535522],"euler_angles":[-0.39137330651283264,-0.11256013810634613,-1.5950522422790527],"exposure_duration":16666666}
{"timestamp":280671165954499,"intrinsics":[1615.9642333984375,0,0,0,1615.9642333984375,0,940.1810302734375,726.8934326171875,1],"transform":[-0.056477662175893784,-0.94182568788528442,0.33132299780845642,0,0.99321609735488892,-0.01921418122947216,0.11468600481748581,0,-0.10164811462163925,0.33555248379707336,0.93652153015136719,0,0.020931504666805267,0.086434043943881989,0.13807192444801331,0.99999994039535522],"euler_angles":[-0.3421916663646698,-0.10811471939086914,-1.5911945104598999],"exposure_duration":16666666}
{"timestamp":280671182613708,"intrinsics":[1615.9642333984375,0,0,0,1615.9642333984375,0,940.15850830078125,726.88311767578125,1],"transform":[-0.047593329101800919,-0.9534611701965332,0.29773607850074768,0,0.99404346942901611,-0.015952946618199348,0.10781132429838181,0,-0.098044142127037048,0.30109363794326782,0.94854104518890381,0,0.018461499363183975,0.091790392994880676,0.14551730453968048,0.99999994039535522],"euler_angles":[-0.30583930015563965,-0.10299733281135559,-1.5875264406204224],"exposure_duration":16666666}
{"timestamp":280671199272916,"intrinsics":[1615.9642333984375,0,0,0,1615.9642333984375,0,940.1444091796875,726.87298583984375,1],"transform":[-0.041285675019025803,-0.9602007269859314,0.27624261379241943,0,0.99474388360977173,-0.013572566211223602,0.1014915332198143,0,-0.093702919781208038,0.27898073196411133,0.95571422576904297,0,0.016397755593061447,0.095253646373748779,0.15021994709968567,0.99999994039535522],"euler_angles":[-0.28273254632949829,-0.097732551395893097,-1.5849305391311646],"exposure_duration":16666666}
{"timestamp":280671215932125,"intrinsics":[1615.5123291015625,0,0,0,1615.5123291015625,0,940.14105224609375,726.86962890625,1],"transform":[-0.037560123950242996,-0.96288269758224487,0.26729434728622437,0,0.99537378549575806,-0.012378082610666752,0.095279678702354431,0,-0.088434554636478424,0.26963642239570618,0.9588930606842041,0,0.014938428997993469,0.096941590309143066,0.15202814340591431,0.99999994039535522],"euler_angles":[-0.27301543951034546,-0.091965518891811371,-1.5836508274078369],"exposure_duration":16666666}
{"timestamp":280671232591458,"intrinsics":[1615.5123291015625,0,0,0,1615.5123291015625,0,940.142333984375,726.87078857421875,1],"transform":[-0.036599807441234589,-0.9618334174156189,0.27117729187011719,0,0.99595612287521362,-0.012827867642045021,0.088921666145324707,0,-0.082049190998077393,0.27333509922027588,0.95841336250305176,0,0.014186423271894455,0.096884205937385559,0.15081736445426941,0.99999994039535522],"euler_angles":[-0.27685844898223877,-0.085401169955730438,-1.5841324329376221],"exposure_duration":16666666}
{"timestamp":280671249250583,"intrinsics":[1615.5123291015625,0,0,0,1615.5123291015625,0,940.1522216796875,726.87823486328125,1],"transform":[-0.038162074983119965,-0.9569287896156311,0.28780388832092285,0,0.99639719724655151,-0.014609619043767452,0.083543747663497925,0,-0.075740709900856018,0.28995510935783386,0.95403861999511719,0,0.014123189263045788,0.095110796391963959,0.14667671918869019,1],"euler_angles":[-0.29417994618415833,-0.079223401844501495,-1.5860623121261597],"exposure_duration":16666666}
{"timestamp":280671265910000,"intrinsics":[1615.0604248046875,0,0,0,1615.0604248046875,0,940.169189453125,726.88836669921875,1],"transform":[-0.042330101132392883,-0.94755721092224121,0.31677073240280151,0,0.99661576747894287,-0.017684316262602806,0.080278679728507996,0,-0.070466771721839905,0.31909683346748352,0.945098876953125,0,0.014764763414859772,0.091583490371704102,0.13980746269226074,0.99999994039535522],"euler_angles":[-0.32477635145187378,-0.074422508478164673,-1.5894572734832764],"exposure_duration":16666666}
{"timestamp":280671282568875,"intrinsics":[1615.0604248046875,0,0,0,1615.0604248046875,0,940.19976806640625,726.903076171875,1],"transform":[-0.04878857359290123,-0.93254977464675903,0.35773000121116638,0,0.99662041664123535,-0.021753594279289246,0.079214394092559814,0,-0.066089488565921783,0.3603857159614563,0.93045938014984131,0,0.01625462993979454,0.086176827549934387,0.1305365264415741,0.99999994039535522],"euler_angles":[-0.36868137121200562,-0.070909790694713593,-1.5941190719604492],"exposure_duration":16666666}
{"timestamp":280671299228416,"intrinsics":[1614.6085205078125,0,0,0,1614.6085205078125,0,940.27264404296875,726.9296875,1],"transform":[-0.058564778417348862,-0.91045689582824707,0.40943670272827148,0,0.99632346630096436,-0.027617678046226501,0.081098660826683044,0,-0.062529124319553375,0.41268086433410645,0.90872704982757568,0,0.018292944878339767,0.078731797635555267,0.11892253905534744,0.99999994039535522],"euler_angles":[-0.42539528012275696,-0.068701289594173431,-1.6011209487915039],"exposure_duration":16666666}
{"timestamp":280671315887666,"intrinsics":[1614.6085205078125,0,0,0,1614.6085205078125,0,940.36260986328125,726.9547119140625,1],"transform":[-0.071042932569980621,-0.87918823957443237,0.47114866971969604,0,0.99571168422698975,-0.034447029232978821,0.085860073566436768,0,-0.059257473796606064,0.475227952003479,0.87786513566970825,0,0.020845798775553703,0.069071933627128601,0.10533809661865234,1],"euler_angles":[-0.49522310495376587,-0.067399553954601288,-1.6099567413330078],"exposure_duration":16666666}
{"timestamp":280671332546791,"intrinsics":[1614.1566162109375,0,0,0,1614.1566162109375,0,940.4959716796875,726.9840087890625,1],"transform":[-0.086099036037921906,-0.83577585220336914,0.54227840900421143,0,0.99474942684173584,-0.041890386492013931,0.093376375734806061,0,-0.055325444787740707,0.5474705696105957,0.83499425649642944,0,0.02381928451359272,0.056970935314893723,0.090129390358924866,1],"euler_angles":[-0.57933861017227173,-0.066161766648292542,-1.6208759546279907],"exposure_duration":16666666}
{"timestamp":280671349206166,"intrinsics":[1613.7047119140625,0,0,0,1613.7047119140625,0,940.6845703125,727.017333984375,1],"transform":[-0.10222164541482925,-0.77771967649459839,0.62024432420730591,0,0.99358755350112915,-0.049537457525730133,0.10163721442222595,0,-0.048319943249225616,0.62665641307830811,0.77779632806777954,0,0.026899002492427826,0.042282015085220337,0.073845162987709045,0.99999994039535522],"euler_angles":[-0.67725527286529541,-0.062044423073530197,-1.6344062089920044],"exposure_duration":16666666}
{"timestamp":280671365865457,"intrinsics":[1613.2528076171875,0,0,0,1613.2528076171875,0,941.02740478515625,727.06402587890625,1],"transform":[-0.11619974672794342,-0.70565050840377808,0.69896721839904785,0,0.99253273010253906,-0.056207295507192612,0.10825877636671066,0,-0.037105798721313477,0.70632725954055786,0.70691251754760742,0,0.029473818838596344,0.025384640321135521,0.057447198778390884,0.99999994039535522],"euler_angles":[-0.78429633378982544,-0.052441816776990891,-1.6502816677093506],"exposure_duration":16666666}
{"timestamp":280671382524458,"intrinsics":[1613.7047119140625,0,0,0,1613.7047119140625,0,941.33514404296875,727.09637451171875,1],"transform":[-0.12389031052589417,-0.62511509656906128,0.77063769102096558,0,0.99204903841018677,-0.060699094086885452,0.11024808883666992,0,-0.022140726447105408,0.77816891670227051,0.62766486406326294,0,0.030695632100105286,0.0078020486980676651,0.042005047202110291,0.99999994039535522],"euler_angles":[-0.89174503087997437,-0.035260137170553207,-1.6675935983657837],"exposure_duration":16666666}
{"timestamp":280671399183958,"intrinsics":[1613.7047119140625,0,0,0,1613.7047119140625,0,941.65728759765625,727.12872314453125,1],"transform":[-0.12318750470876694,-0.54447972774505615,0.82967859506607056,0,0.99238067865371704,-0.065599538385868073,0.10429492592811584,0,-0.0023599299602210522,0.83620482683181763,0.5484122633934021,0,0.030562065541744232,-0.0098793655633926392,0.028165955096483231,0.99999994039535522],"euler_angles":[-0.99032604694366455,-0.0043031778186559677,-1.690699577331543],"exposure_duration":16666666}
{"timestamp":280671415843207,"intrinsics":[1613.2528076171875,0,0,0,1613.2528076171875,0,942.04315185546875,727.1761474609375,1],"transform":[-0.11305560916662216,-0.47448664903640747,0.87297248840332031,0,0.99335813522338867,-0.072907119989395142,0.089019134640693665,0,0.021407525986433029,0.87723833322525024,0.4795776903629303,0,0.028955928981304169,-0.025853855535387993,0.016560774296522141,0.99999994039535522],"euler_angles":[-1.0700788497924805,0.044608671218156815,-1.7232586145401001],"exposure_duration":16666666}
{"timestamp":280671432502291,"intrinsics":[1612.8009033203125,0,0,0,1612.8009033203125,0,942.24993896484375,727.2095947265625,1],"transform":[-0.097048915922641754,-0.42500674724578857,0.89997273683547974,0,0.99429470300674438,-0.081620708107948303,0.068675287067890167,0,0.044268950819969177,0.90150290727615356,0.43050310015678406,0,0.026345141232013702,-0.038277376443147659,0.007731270045042038,0.99999994039535522],"euler_angles":[-1.1232297420501709,0.10247056931257248,-1.7605319023132324],"exposure_duration":16666666}
{"timestamp":280671449161582,"intrinsics":[1613.2528076171875,0,0,0,1613.2528076171875,0,942.37213134765625,727.24090576171875,1],"transform":[-0.078315876424312592,-0.39826738834381104,0.91391998529434204,0,0.99475455284118652,-0.091728650033473969,0.04526931419968605,0,0.065803363919258118,0.91267138719558716,0.40336209535598755,0,0.023151667788624763,-0.046189509332180023,0.0014245514757931232,0.99999988079071045],"euler_angles":[-1.1497734785079956,0.161712646484375,-1.7971678972244263],"exposure_duration":16666666}
{"timestamp":280671465820541,"intrinsics":[1613.2528076171875,0,0,0,1613.2528076171875,0,942.4000244140625,727.2784423828125,1],"transform":[-0.058783221989870071,-0.39436927437782288,0.91707009077072144,0,0.99448102712631226,-0.10310722142457962,0.01940581202507019,0,0.086903482675552368,0.91314941644668579,0.39825370907783508,0,0.019578667357563972,-0.049160953611135483,-0.0028446721844375134,0.99999988079071045],"euler_angles":[-1.150944709777832,0.21484360098838806,-1.826520562171936],"exposure_duration":16666666}
{"timestamp":280671482480124,"intrinsics":[1613.2528076171875,0,0,0,1613.2528076171875,0,942.33551025390625,727.30413818359375,1],"transform":[-0.039257500320672989,-0.40941634774208069,0.91150271892547607,0,0.9932895302772522,-0.11530264467000961,-0.0090100858360528946,0,0.10878754407167435,0.90503239631652832,0.41119551658630371,0,0.015715224668383598,-0.047646980732679367,-0.0052432972006499767,0.99999988079071045],"euler_angles":[-1.1314558982849121,0.25863832235336304,-1.8453129529953003],"exposure_duration":16666666}
{"timestamp":280671499139333,"intrinsics":[1613.2528076171875,0,0,0,1613.2528076171875,0,942.2239990234375,727.3265380859375,1],"transform":[-0.020579328760504723,-0.43686774373054504,0.89929038286209106,0,0.99106532335281372,-0.12747375667095184,-0.03924618661403656,0,0.13178129494190216,0.89044773578643799,0.43558773398399353,0,0.01155596598982811,-0.042728383094072342,-0.0062087550759315491,0.99999994039535522],"euler_angles":[-1.0983281135559082,0.29378244280815125,-1.8547043800354004],"exposure_duration":16666666}
{"timestamp":280671515798583,"intrinsics":[1613.2528076171875,0,0,0,1613.2528076171875,0,942.03497314453125,727.3424072265625,1],"transform":[-0.00089818122796714306,-0.47117391228675842,0.88203990459442139,0,0.98808771371841431,-0.13615448772907257,-0.071725741028785706,0,0.153889000415802,0.87146836519241333,0.46568349003791809,0,0.0069566108286380768,-0.03497600182890892,-0.0059691034257411957,0.99999994039535522],"euler_angles":[-1.0581883192062378,0.31916084885597229,-1.8521021604537964],"exposure_duration":16666666}
{"timestamp":280671532457874,"intrinsics":[1613.7047119140625,0,0,0,1613.7047119140625,0,941.8731689453125,727.3328857421875,1],"transform":[0.021886508911848068,-0.5103299617767334,0.85970002412796021,0,0.9848945140838623,-0.13673222064971924,-0.1062399297952652,0,0.17176614701747894,0.84903907775878906,0.49962872266769409,0,0.0018567305523902178,-0.024575840681791306,-0.0047003915533423424,0.99999982118606567],"euler_angles":[-1.0141638517379761,0.33112967014312744,-1.8325768709182739],"exposure_duration":16666666}
{"timestamp":280671549117083,"intrinsics":[1614.1566162109375,0,0,0,1614.1566162109375,0,941.69818115234375,727.2998046875,1],"transform":[0.048242174088954926,-0.55330336093902588,0.83158183097839355,0,0.98178648948669434,-0.12690152227878571,-0.14139145612716675,0,0.1837613582611084,0.82325667142868042,0.53710377216339111,0,-0.0035508200526237488,-0.011835599318146706,-0.0024363622069358826,0.99999994039535522],"euler_angles":[-0.96712428331375122,0.32964995503425598,-1.7962496280670166],"exposure_duration":16666666}
{"timestamp":280671565776082,"intrinsics":[1614.1566162109375,0,0,0,1614.1566162109375,0,941.4598388671875,727.2188720703125,1],"transform":[0.078488916158676147,-0.59771913290023804,0.79785418510437012,0,0.97866803407669067,-0.10622483491897583,-0.17585571110248566,0,0.18986424803733826,0.79463702440261841,0.57663112878799438,0,-0.0092378789559006691,0.0025994442403316498,0.00082954810932278633,0.99999988079071045],"euler_angles":[-0.91840946674346924,0.31808426976203918,-1.746677041053772],"exposure_duration":16666666}
{"timestamp":280671582435540,"intrinsics":[1613.7047119140625,0,0,0,1613.7047119140625,0,941.29248046875,727.13104248046875,1],"transform":[0.11359764635562897,-0.63947433233261108,0.76037383079528809,0,0.9752776026725769,-0.074240796267986298,-0.20814014971256256,0,0.18955101072788239,0.76521962881088257,0.61523133516311646,0,-0.015508837066590786,0.01810026727616787,0.0049694767221808434,1],"euler_angles":[-0.87138241529464722,0.29886868596076965,-1.6863754987716675],"exposure_duration":16666666}
{"timestamp":280671599094791,"intrinsics":[1613.7047119140625,0,0,0,1613.7047119140625,0,941.14617919921875,727.0213623046875,1],"transform":[0.15368974208831787,-0.67698031663894653,0.71977579593658447,0,0.97087842226028442,-0.032021407037973404,-0.23742383718490601,0,0.18377949297428131,0.73530423641204834,0.65234416723251343,0,-0.022480027750134468,0.033692143857479095,0.0099190846085548401,0.99999994039535522],"euler_angles":[-0.82611548900604248,0.27460449934005737,-1.6180614233016968],"exposure_duration":16666666}
{"timestamp":280671615753915,"intrinsics":[1614.1566162109375,0,0,0,1614.1566162109375,0,940.99298095703125,726.84588623046875,1],"transform":[0.19793199002742767,-0.70817112922668457,0.67772907018661499,0,0.96504318714141846,0.019604902714490891,-0.26135709881782532,0,0.17179873585700989,0.7057686448097229,0.68729615211486816,0,-0.03021872416138649,0.04876408725976944,0.015589065849781036,0.99999994039535522],"euler_angles":[-0.78350752592086792,0.2449440062046051,-1.5431195497512817],"exposure_duration":16666666}
{"timestamp":280671632413208,"intrinsics":[1614.1566162109375,0,0,0,1614.1566162109375,0,940.91461181640625,726.69708251953125,1],"transform":[0.24523778259754181,-0.73186445236206055,0.63579308986663818,0,0.95720678567886353,0.078841209411621094,-0.27845883369445801,0,0.15366742014884949,0.67687410116195679,0.71988046169281006,0,-0.038696352392435074,0.062739789485931396,0.021783608943223953,0.99999994039535522],"euler_angles":[-0.7435077428817749,0.21030604839324951,-1.4634836912155151],"exposure_duration":16666666}
{"timestamp":280671649072416,"intrinsics":[1614.1566162109375,0,0,0,1614.1566162109375,0,940.87091064453125,726.5362548828125,1],"transform":[0.29479783773422241,-0.74727821350097656,0.59554147720336914,0,0.94685804843902588,0.14452426135540009,-0.28735506534576416,0,0.12866398692131042,0.64860475063323975,0.75017178058624268,0,-0.047848053276538849,0.075194910168647766,0.028246834874153137,1],"euler_angles":[-0.70574986934661865,0.16986000537872314,-1.3797540664672852],"exposure_duration":16666666}
{"timestamp":280671665731791,"intrinsics":[1614.6085205078125,0,0,0,1614.6085205078125,0,940.8721923828125,726.3104248046875,1],"transform":[0.34601345658302307,-0.75334954261779785,0.55923110246658325,0,0.9331851601600647,0.2146107405424118,-0.28828459978103638,0,0.097162045538425446,0.6216164231300354,0.77727270126342773,0,-0.05762375146150589,0.08572116494178772,0.034598410129547119,0.99999994039535522],"euler_angles":[-0.67080456018447876,0.12435874342918396,-1.2932723760604858],"exposure_duration":16666666}
{"timestamp":280671682390999,"intrinsics":[1614.6085205078125,0,0,0,1614.6085205078125,0,940.91949462890625,726.13763427734375,1],"transform":[0.39796555042266846,-0.74943161010742188,0.52912729978561401,0,0.91548341512680054,0.28715375065803528,-0.28183901309967041,0,0.05927816778421402,0.59656941890716553,0.80036944150924683,0,-0.068090595304965973,0.094093345105648041,0.040403760969638824,0.99999994039535522],"euler_angles":[-0.63921976089477539,0.073928527534008026,-1.204889178276062],"exposure_duration":16666666}
{"timestamp":280671699050207,"intrinsics":[1614.6085205078125,0,0,0,1614.6085205078125,0,941.00457763671875,725.96661376953125,1],"transform":[0.44954851269721985,-0.73637807369232178,0.50562196969985962,0,0.89309775829315186,0.35987389087677002,-0.26993972063064575,0,0.016817552968859673,0.57292073965072632,0.81943833827972412,0,-0.078815974295139313,0.10007082670927048,0.045534234493970871,1],"euler_angles":[-0.61006498336791992,0.020520387217402458,-1.1162229776382446],"exposure_duration":16666666}
{"timestamp":280671715709500,"intrinsics":[1615.0604248046875,0,0,0,1615.0604248046875,0,941.1678466796875,725.75128173828125,1],"transform":[0.49846097826957703,-0.7152748703956604,0.48981472849845886,0,0.86644184589385986,0.42965885996818542,-0.25430676341056824,0,-0.028553977608680725,0.55115783214569092,0.833912193775177,0,-0.089447647333145142,0.10364997386932373,0.049719382077455521,0.99999982118606567],"euler_angles":[-0.58375120162963867,-0.034227617084980011,-1.0298691987991333],"exposure_duration":16666666}
{"timestamp":280671732368749,"intrinsics":[1615.0604248046875,0,0,0,1615.0604248046875,0,941.31707763671875,725.6077880859375,1],"transform":[0.54219108819961548,-0.68795299530029297,0.48244109749794006,0,0.83694899082183838,0.49305292963981628,-0.23751921951770782,0,-0.074466973543167114,0.53255939483642578,0.84311038255691528,0,-0.099611029028892517,0.10513314604759216,0.052644498646259308,0.99999988079071045],"euler_angles":[-0.56162160634994507,-0.088095501065254211,-0.94895285367965698],"exposure_duration":16666666}
