{
  "version": "multiscan@0.0.1",
  "scanId": "scene_00000_00",
  "objects": [
    {
      "label": "bag.1",
      "type": "movable",
      "obb": {
        "centroid": [
          0.09693120858653177,
          0.9104652242483331,
          -0.6495804935693742
        ],
        "axesLengths": [
          0.2522365669610245,
          0.33283099532127386,
          0.15902812283054288
        ],
        "normalizedAxes": [
          0.9861942396120026,
          0.16559263798884283,
          3.6768951880726337e-17,
          0,
          -2.220446049250313e-16,
          1,
          0.16559263798884283,
          -0.9861942396120026,
          -2.1897911031398878e-16
        ],
        "min": [
          -0.040612859278664634,
          0.8111646556522747,
          -0.8159959912300112
        ],
        "max": [
          0.23447527645172817,
          1.0097657928443915,
          -0.48316499590873724
        ],
        "front": [
          0.16559263798884283,
          -0.9861942396120026,
          -2.1897911031398878e-16
        ],
        "up": [
          0,
          -2.220446049250313e-16,
          1
        ]
      }
    },
    {
      "label": "beam.1",
      "type": "arch",
      "obb": {
        "centroid": [
          0.8122661182478074,
          0.19532667369618043,
          1.1926624774932861
        ],
        "axesLengths": [
          1.731097603234162,
          0.20461297035217244,
          0.22040970515066635
        ],
        "normalizedAxes": [
          -0.059457812650863126,
          0.9982308192571371,
          2.2165176788594134e-16,
          0,
          -2.220446049250313e-16,
          1,
          0.9982308192571371,
          0.059457812650863126,
          1.3202286519767431e-17
        ],
        "min": [
          0.650792599488693,
          -0.6752433551267117,
          1.0903559923171997
        ],
        "max": [
          0.9737396370069218,
          1.0658967025190726,
          1.2949689626693726
        ],
        "front": [
          -0.9982308192571371,
          -0.059457812650863126,
          -1.3202286519767431e-17
        ],
        "up": [
          0,
          -2.220446049250313e-16,
          1
        ]
      }
    },
    {
      "label": "box.1",
      "type": "movable",
      "obb": {
        "centroid": [
          -1.4036270174213623,
          0.6944895158028948,
          -0.9019734859466554
        ],
        "axesLengths": [
          0.5783796171707944,
          0.7782089710235593,
          0.3554900275720212
        ],
        "normalizedAxes": [
          0.9955480430919248,
          0.09425547143714892,
          2.0928918917284305e-17,
          0,
          -2.220446049250313e-16,
          1,
          0.09425547143714892,
          -0.9955480430919248,
          -2.2105607191223449e-16
        ],
        "min": [
          -1.7082828055106858,
          0.49027809341584916,
          -1.291077971458435
        ],
        "max": [
          -1.0989712293320388,
          0.8987009381899403,
          -0.5128690004348757
        ],
        "front": [
          0.09425547143714892,
          -0.9955480430919248,
          -2.2105607191223449e-16
        ],
        "up": [
          0,
          -2.220446049250313e-16,
          1
        ]
      }
    },
    {
      "label": "box.2",
      "type": "movable",
      "obb": {
        "centroid": [
          -0.8490725571109843,
          -0.7021500135848928,
          -0.6938230097293854
        ],
        "axesLengths": [
          0.47182050625677696,
          0.2720180153846741,
          0.4378494312799952
        ],
        "normalizedAxes": [
          0.11012964964968293,
          -0.9939172300891248,
          -2.2069395868332116e-16,
          0,
          -2.220446049250313e-16,
          1,
          -0.9939172300891248,
          -0.11012964964968293,
          -2.445369454699596e-17
        ],
        "min": [
          -1.0926463176037375,
          -0.9607353811569743,
          -0.8298320174217224
        ],
        "max": [
          -0.6054987966182311,
          -0.44356464601281126,
          -0.5578140020370483
        ],
        "front": [
          -0.11012964964968293,
          0.9939172300891248,
          2.2069395868332116e-16
        ],
        "up": [
          0,
          -2.220446049250313e-16,
          1
        ]
      }
    },
    {
      "label": "ceiling.1",
      "type": "arch",
      "obb": {
        "centroid": [
          -0.7424353285801175,
          -0.025154659086705708,
          1.2889379858970642
        ],
        "axesLengths": [
          2.9552962382401415,
          0.08922803401946978,
          1.8236132448341444
        ],
        "normalizedAxes": [
          0.9954045580486484,
          0.09575889418730385,
          2.126274582787776e-17,
          0,
          -2.220446049250313e-16,
          1,
          0.09575889418730385,
          -0.9954045580486484,
          -2.2102421183248752e-16
        ],
        "min": [
          -2.300606595419567,
          -1.0742690769844898,
          1.244323968887329
        ],
        "max": [
          0.8157359382593323,
          1.0239597588110783,
          1.3335520029067993
        ],
        "front": [
          0.09575889418730385,
          -0.9954045580486484,
          -2.2102421183248752e-16
        ],
        "up": [
          0,
          -2.220446049250313e-16,
          1
        ]
      }
    },
    {
      "label": "ceiling_light.1",
      "type": "fixed object",
      "obb": {
        "centroid": [
          -0.8290199935436249,
          0.17309750616550448,
          1.1557484865188599
        ],
        "axesLengths": [
          0.2242780327796936,
          0.19153904914855957,
          0.1870950162410736
        ],
        "normalizedAxes": [
          -1,
          0,
          0,
          0,
          -2.220446049250313e-16,
          1,
          0,
          1,
          2.220446049250313e-16
        ],
        "min": [
          -0.9411590099334717,
          0.07954999804496765,
          1.05997896194458
        ],
        "max": [
          -0.7168809771537781,
          0.2666450142860413,
          1.2515180110931396
        ],
        "front": [
          0,
          -1,
          -2.220446049250313e-16
        ],
        "up": [
          0,
          -2.220446049250313e-16,
          1
        ]
      }
    },
    {
      "label": "chair.1",
      "type": "movable",
      "obb": {
        "centroid": [
          -0.842764263740003,
          -0.6979834272237846,
          -0.9033024907112122
        ],
        "axesLengths": [
          0.5468269293557758,
          0.7580929994583133,
          0.46033711644446246
        ],
        "normalizedAxes": [
          -0.11005908693510383,
          0.993925046159423,
          2.206956941995626e-16,
          0,
          -2.220446049250313e-16,
          1,
          0.9939250461594231,
          0.11005908693510384,
          2.4438026476914807e-17
        ],
        "min": [
          -1.1016261948736936,
          -0.9950680590834703,
          -1.2823489904403689
        ],
        "max": [
          -0.5839023326063124,
          -0.4008987953640989,
          -0.5242559909820554
        ],
        "front": [
          -0.11005908693510383,
          0.993925046159423,
          2.206956941995626e-16
        ],
        "up": [
          0,
          -2.220446049250313e-16,
          1
        ]
      }
    },
    {
      "label": "curtain.1",
      "type": "fixed object",
      "obb": {
        "centroid": [
          -1.4800077798842617,
          0.8821286047790973,
          0.2181085050106049
        ],
        "axesLengths": [
          1.6956255502943518,
          1.0145170092582703,
          0.22236042104469164
        ],
        "normalizedAxes": [
          -0.9928626349209987,
          -0.11926352408734078,
          -2.648182208794054e-17,
          0,
          -2.220446049250313e-16,
          1,
          -0.11926352408734078,
          0.9928626349209987,
          2.2045979151585875e-16
        ],
        "min": [
          -2.3350291494522386,
          0.6706287886784891,
          -0.2891499996185303
        ],
        "max": [
          -0.624986410316285,
          1.0936284208797054,
          0.72536700963974
        ],
        "front": [
          0.11926352408734078,
          -0.9928626349209987,
          -2.2045979151585875e-16
        ],
        "up": [
          0,
          -2.220446049250313e-16,
          1
        ]
      }
    },
    {
      "label": "door.1",
      "parts": [
        "door.1",
        "door_frame.1"
      ],
      "type": "fixed",
      "obb": {
        "centroid": [
          -1.5438621373291554,
          -1.1474839543366018,
          -0.33200597763061523
        ],
        "axesLengths": [
          0.9063405611112932,
          1.9118499755859375,
          0.2097309214668694
        ],
        "normalizedAxes": [
          0.9943836033928634,
          0.10583595468187881,
          2.35003027442013e-17,
          0,
          -2.220446049250313e-16,
          1,
          0.10583595468187881,
          -0.9943836033928634,
          -2.2079751435929737e-16
        ],
        "min": [
          -2.0055857700085125,
          -1.2997221583282292,
          -1.287930965423584
        ],
        "max": [
          -1.0821385046497984,
          -0.9952457503449742,
          0.6239190101623535
        ],
        "front": [
          0.10583595468187881,
          -0.9943836033928634,
          -2.2079751435929737e-16
        ],
        "up": [
          0,
          -2.220446049250313e-16,
          1
        ]
      }
    },
    {
      "label": "floor.1",
      "type": "arch",
      "obb": {
        "centroid": [
          -0.6055812706102645,
          -0.048179548284797494,
          -1.2779669761657715
        ],
        "axesLengths": [
          3.224392228747145,
          0.09551000595092803,
          1.870574887588755
        ],
        "normalizedAxes": [
          0.9744683561301171,
          0.22452488258780423,
          4.985453885004803e-17,
          0,
          -2.220446049250313e-16,
          1,
          0.2245248825878043,
          -0.9744683561301172,
          -2.1637544114885658e-16
        ],
        "min": [
          -2.386610671447022,
          -1.3215657094364845,
          -1.3257219791412358
        ],
        "max": [
          1.1754481302264934,
          1.2252066128668895,
          -1.2302119731903072
        ],
        "front": [
          0.2245248825878043,
          -0.9744683561301172,
          -2.1637544114885658e-16
        ],
        "up": [
          0,
          -2.220446049250313e-16,
          1
        ]
      }
    },
    {
      "label": "gate.1",
      "parts": [
        "curtain.1",
        "frame.1",
        "glass.1"
      ],
      "type": "fixed",
      "obb": {
        "centroid": [
          -2.401189719026441,
          -0.1447940688918036,
          -0.1375855207443239
        ],
        "axesLengths": [
          1.6569169995101303,
          2.2130730152130127,
          0.23825452156605229
        ],
        "normalizedAxes": [
          0.09415878085484199,
          -0.9955571927257267,
          -2.2105810353905725e-16,
          0,
          -2.220446049250313e-16,
          1,
          -0.9955571927257267,
          -0.09415878085484199,
          -2.090744929513599e-17
        ],
        "min": [
          -2.5977943626744646,
          -0.9807887648396302,
          -1.2441220283508305
        ],
        "max": [
          -2.2045850753784175,
          0.691200627056023,
          0.9689509868621826
        ],
        "front": [
          0.9955571927257267,
          0.09415878085484199,
          2.090744929513599e-17
        ],
        "up": [
          0,
          -2.220446049250313e-16,
          1
        ]
      }
    },
    {
      "label": "handkerchief.1",
      "type": "movable",
      "obb": {
        "centroid": [
          -0.6085185110569,
          0.8853405117988586,
          -0.27007101103663445
        ],
        "axesLengths": [
          0.18907099962234497,
          0.6301340237259865,
          0.1159830093383789
        ],
        "normalizedAxes": [
          -1,
          0,
          0,
          0,
          -2.220446049250313e-16,
          1,
          0,
          1,
          2.220446049250313e-16
        ],
        "min": [
          -0.7030540108680725,
          0.8273490071296691,
          -0.5851380228996277
        ],
        "max": [
          -0.5139830112457275,
          0.9433320164680482,
          0.044996000826358795
        ],
        "front": [
          0,
          -1,
          -2.220446049250313e-16
        ],
        "up": [
          0,
          -2.220446049250313e-16,
          1
        ]
      }
    },
    {
      "label": "mop.1",
      "type": "movable",
      "obb": {
        "centroid": [
          -1.9948906654059426,
          -0.8968764910922321,
          -0.6471919741015881
        ],
        "axesLengths": [
          0.504008337537986,
          1.2800479480065405,
          0.5201983431953433
        ],
        "normalizedAxes": [
          -0.5113277739502325,
          -0.859385773437692,
          -1.9082197454116478e-16,
          0,
          -2.220446049250313e-16,
          1,
          -0.859385773437692,
          0.5113277739502325,
          1.135375735539751e-16
        ],
        "min": [
          -2.3472729238027386,
          -1.246441218998633,
          -1.2872159481048584
        ],
        "max": [
          -1.6425084070091467,
          -0.5473117631858313,
          -0.0071680000983178616
        ],
        "front": [
          0.5113277739502325,
          0.859385773437692,
          1.9082197454116478e-16
        ],
        "up": [
          0,
          -2.220446049250313e-16,
          1
        ]
      }
    },
    {
      "label": "pillar.1",
      "type": "arch",
      "obb": {
        "centroid": [
          0.8499507967088125,
          -0.6906437052586786,
          -0.06925052404403687
        ],
        "axesLengths": [
          0.27690467651672507,
          2.291828989982605,
          0.26200563155490103
        ],
        "normalizedAxes": [
          -0.9990654759656818,
          -0.043222386947805565,
          -9.597297833742316e-18,
          0,
          -2.220446049250313e-16,
          1,
          -0.043222386947805565,
          0.9990654759656818,
          2.218370989050382e-16
        ],
        "min": [
          0.7059655910933749,
          -0.8275083362942534,
          -1.2151650190353394
        ],
        "max": [
          0.9939360023242501,
          -0.5537790742231038,
          1.0766639709472656
        ],
        "front": [
          -0.043222386947805565,
          0.9990654759656818,
          2.218370989050382e-16
        ],
        "up": [
          0,
          -2.220446049250313e-16,
          1
        ]
      }
    },
    {
      "label": "rag.1",
      "type": "movable",
      "obb": {
        "centroid": [
          -1.9568199167049252,
          -1.1799026402543626,
          -0.020907983183860758
        ],
        "axesLengths": [
          0.17371446231129742,
          1.0347839891910553,
          0.053731152175830355
        ],
        "normalizedAxes": [
          -0.5662407303834329,
          0.8242399136506533,
          1.8301802599000123e-16,
          0,
          -2.220446049250313e-16,
          1,
          0.8242399136506533,
          0.5662407303834329,
          1.2573069927045053e-16
        ],
        "min": [
          -2.0281456988284607,
          -1.2667062203882222,
          -0.5382999777793884
        ],
        "max": [
          -1.8854941345813898,
          -1.093099060120503,
          0.49648401141166687
        ],
        "front": [
          0.8242399136506533,
          0.5662407303834329,
          1.2573069927045053e-16
        ],
        "up": [
          0,
          -2.220446049250313e-16,
          1
        ]
      }
    },
    {
      "label": "refrigerator.1",
      "parts": [
        "door.1",
        "refrigerator.1"
      ],
      "type": "fixed",
      "obb": {
        "centroid": [
          -0.26563854652498137,
          -0.5877805829124149,
          -0.7079040184617045
        ],
        "axesLengths": [
          0.6659528032079167,
          1.1608540266752245,
          0.598478986932677
        ],
        "normalizedAxes": [
          -0.9961946980917455,
          -0.08715574274765817,
          -1.935246246535142e-17,
          0,
          -2.220446049250313e-16,
          1,
          -0.08715574274765817,
          0.9961946980917455,
          2.2119965816619248e-16
        ],
        "min": [
          -0.6234283127050042,
          -0.9149021853624764,
          -1.2883310317993169
        ],
        "max": [
          0.09215121965504147,
          -0.2606589804623533,
          -0.1274770051240921
        ],
        "front": [
          -0.08715574274765817,
          0.9961946980917455,
          2.2119965816619248e-16
        ],
        "up": [
          0,
          -2.220446049250313e-16,
          1
        ]
      }
    },
    {
      "label": "refrigerator.2",
      "parts": [
        "door.1",
        "door.2",
        "refrigerator.1"
      ],
      "type": "fixed",
      "obb": {
        "centroid": [
          0.4313855629716084,
          -0.5301728602481771,
          -0.52996201813221
        ],
        "axesLengths": [
          0.6587489183540693,
          1.4464820325374603,
          0.6167297126059478
        ],
        "normalizedAxes": [
          0.9907319828012823,
          0.1358312859934702,
          3.016060423487903e-17,
          0,
          -2.220446049250313e-16,
          1,
          0.1358312859934702,
          -0.9907319828012823,
          -2.1998669170770364e-16
        ],
        "min": [
          0.06317815696022022,
          -0.8804191421228754,
          -1.2532030344009404
        ],
        "max": [
          0.7995929689829966,
          -0.1799265783734788,
          0.19327899813652027
        ],
        "front": [
          -0.1358312859934702,
          0.9907319828012823,
          2.1998669170770364e-16
        ],
        "up": [
          0,
          -2.220446049250313e-16,
          1
        ]
      }
    },
    {
      "label": "remove",
      "type": "unknown",
      "obb": {
        "centroid": [
          2.6271683328299487,
          -1.179721402044239,
          -0.28459349274635315
        ],
        "axesLengths": [
          0.14342273580499582,
          0.10609298944473267,
          0.024593931447210577
        ],
        "normalizedAxes": [
          -0.030401947855011727,
          0.9995377539476041,
          2.2194196568294891e-16,
          0,
          -2.220446049250313e-16,
          1,
          0.9995377539476041,
          0.030401947855011727,
          6.750588500417482e-18
        ],
        "min": [
          2.612696886062622,
          -1.251773473360716,
          -0.3376399874687195
        ],
        "max": [
          2.6416397795972753,
          -1.107669330727762,
          -0.23154699802398682
        ]
      }
    },
    {
      "label": "shelf.1",
      "type": "movable",
      "obb": {
        "centroid": [
          -1.93917795639654,
          0.6942109485127193,
          -0.9126465022563934
        ],
        "axesLengths": [
          0.881118445421192,
          0.7362909913063048,
          0.3500341681247825
        ],
        "normalizedAxes": [
          0.9942888875330634,
          0.10672210702690965,
          2.369706809155706e-17,
          0,
          -2.220446049250313e-16,
          1,
          0.10672210702690965,
          -0.9942888875330634,
          -2.2077648321362796e-16
        ],
        "min": [
          -2.395899287814734,
          0.4731759981832312,
          -1.280791997909546
        ],
        "max": [
          -1.482456624978346,
          0.9152458988422073,
          -0.544501006603241
        ],
        "front": [
          0.10672210702690965,
          -0.9942888875330634,
          -2.2077648321362796e-16
        ],
        "up": [
          0,
          -2.220446049250313e-16,
          1
        ]
      }
    },
    {
      "label": "sliding_door.1",
      "parts": [
        "door.1",
        "door_frame.1",
        "glass.1"
      ],
      "type": "fixed",
      "obb": {
        "centroid": [
          0.963956089078459,
          0.18498979095075085,
          -0.08864897489547725
        ],
        "axesLengths": [
          1.6894216347632784,
          2.4425779581069946,
          0.1749585496106445
        ],
        "normalizedAxes": [
          0.006663843277655175,
          -0.9999777963498845,
          -2.2203967472431351e-16,
          0,
          -2.220446049250313e-16,
          1,
          -0.9999777963498845,
          -0.006663843277655175,
          -1.479670447869269e-18
        ],
        "min": [
          0.8708497361303756,
          -0.6602852189447963,
          -1.3099379539489748
        ],
        "max": [
          1.0570624420265424,
          1.030264800846298,
          1.1326400041580202
        ],
        "front": [
          -0.9999777963498845,
          -0.006663843277655175,
          -1.479670447869269e-18
        ],
        "up": [
          0,
          -2.220446049250313e-16,
          1
        ]
      }
    },
    {
      "label": "slippers.1",
      "type": "movable",
      "obb": {
        "centroid": [
          -1.606604516506195,
          0.3493795096874237,
          -1.2544654607772827
        ],
        "axesLengths": [
          0.2592569589614868,
          0.06672501564025879,
          0.24467700719833374
        ],
        "normalizedAxes": [
          -1,
          0,
          0,
          0,
          -2.220446049250313e-16,
          1,
          0,
          1,
          2.220446049250313e-16
        ],
        "min": [
          -1.7362329959869385,
          0.22704100608825684,
          -1.287827968597412
        ],
        "max": [
          -1.4769760370254517,
          0.4717180132865906,
          -1.2211029529571533
        ],
        "front": [
          0,
          -1,
          -2.220446049250313e-16
        ],
        "up": [
          0,
          -2.220446049250313e-16,
          1
        ]
      }
    },
    {
      "label": "stiker.1",
      "type": "fixed object",
      "obb": {
        "centroid": [
          -2.2245655059814453,
          -0.6725910007953643,
          1.0797995030879974
        ],
        "axesLengths": [
          0.0354771614074707,
          0.22250300645828247,
          0.1551999449729918
        ],
        "normalizedAxes": [
          -1,
          0,
          0,
          0,
          -2.220446049250313e-16,
          1,
          0,
          1,
          2.220446049250313e-16
        ],
        "min": [
          -2.2423040866851807,
          -0.7501909732818602,
          0.9685479998588562
        ],
        "max": [
          -2.20682692527771,
          -0.5949910283088683,
          1.1910510063171387
        ],
        "front": [
          1,
          0,
          0
        ],
        "up": [
          0,
          -2.220446049250313e-16,
          1
        ]
      }
    },
    {
      "label": "stiker.2",
      "type": "fixed object",
      "obb": {
        "centroid": [
          -2.2662844271257563,
          -0.16786183546467995,
          1.081363022327423
        ],
        "axesLengths": [
          0.48313020252974115,
          0.22501003742218004,
          0.02573026080747637
        ],
        "normalizedAxes": [
          -0.08082351172117581,
          0.996728428386116,
          2.2131817009854248e-16,
          0,
          -2.220446049250313e-16,
          1,
          0.9967284283861162,
          0.08082351172117583,
          1.7946424728782124e-17
        ],
        "min": [
          -2.298631608127565,
          -0.40967644421932836,
          0.968858003616333
        ],
        "max": [
          -2.2339372461239475,
          0.07395277328996847,
          1.1938680410385132
        ],
        "front": [
          0.9967284283861162,
          0.08082351172117583,
          1.7946424728782124e-17
        ],
        "up": [
          0,
          -2.220446049250313e-16,
          1
        ]
      }
    },
    {
      "label": "stiker.3",
      "type": "fixed object",
      "obb": {
        "centroid": [
          -2.313390706357606,
          0.30320671873393606,
          1.0988835096359253
        ],
        "axesLengths": [
          0.18937451752835144,
          0.17628502845764146,
          0.01747687385650111
        ],
        "normalizedAxes": [
          -0.06410318005708045,
          0.9979432760966775,
          2.215879204784782e-16,
          0,
          -2.220446049250313e-16,
          1,
          0.9979432760966775,
          0.06410318005708045,
          1.4233765290212574e-17
        ],
        "min": [
          -2.3281809251314196,
          0.2081540439223716,
          1.0107409954071045
        ],
        "max": [
          -2.298600487583792,
          0.39825939354550055,
          1.187026023864746
        ],
        "front": [
          0.9979432760966775,
          0.06410318005708045,
          1.4233765290212574e-17
        ],
        "up": [
          0,
          -2.220446049250313e-16,
          1
        ]
      }
    },
    {
      "label": "wall.1",
      "type": "arch",
      "obb": {
        "centroid": [
          -0.6852210566548489,
          -0.9727444187889391,
          0.015766024589538644
        ],
        "axesLengths": [
          2.9380974335936036,
          2.528681993484497,
          0.1761466996946583
        ],
        "normalizedAxes": [
          0.9924296811423455,
          0.122814201083191,
          2.7270230758700496e-17,
          0,
          -2.220446049250313e-16,
          1,
          0.12281420108319101,
          -0.9924296811423455,
          -2.203636564651269e-16
        ],
        "min": [
          -2.153965264346291,
          -1.2405710698007486,
          -1.24857497215271
        ],
        "max": [
          0.783523151036593,
          -0.7049177677771297,
          1.280107021331787
        ],
        "front": [
          -0.12281420108319101,
          0.9924296811423455,
          2.203636564651269e-16
        ],
        "up": [
          0,
          -2.220446049250313e-16,
          1
        ]
      }
    },
    {
      "label": "wall.2",
      "type": "arch",
      "obb": {
        "centroid": [
          -2.28852812075386,
          -0.16678142133673118,
          0.020790457725524864
        ],
        "axesLengths": [
          1.9371298141129916,
          2.4829189777374263,
          0.15897577053504655
        ],
        "normalizedAxes": [
          0.09453688741236434,
          -0.9955213593481468,
          -2.2105014693088938e-16,
          0,
          -2.220446049250313e-16,
          1,
          -0.9955213593481468,
          -0.09453688741236434,
          -2.0991405816320605e-17
        ],
        "min": [
          -2.4592251199170616,
          -1.1385230114867084,
          -1.2206690311431885
        ],
        "max": [
          -2.1178311215906587,
          0.804960168813246,
          1.2622499465942383
        ],
        "front": [
          0.9955213593481468,
          0.09453688741236434,
          2.0991405816320605e-17
        ],
        "up": [
          0,
          -2.220446049250313e-16,
          1
        ]
      }
    },
    {
      "label": "wall_cabinet.1",
      "parts": [
        "door.1",
        "door.10",
        "door.11",
        "door.12",
        "door.13",
        "door.14",
        "door.15",
        "door.2",
        "door.3",
        "door.4",
        "door.5",
        "door.6",
        "door.7",
        "door.8",
        "door.9",
        "wall_cabinet.1"
      ],
      "type": "fixed",
      "obb": {
        "centroid": [
          -0.8508913650584475,
          1.0251899118089505,
          -0.015568494796752987
        ],
        "axesLengths": [
          3.063295787372859,
          2.6116669178009033,
          0.3565280712856653
        ],
        "normalizedAxes": [
          -0.9975306109909383,
          -0.07023304162604237,
          -1.5594867980537856e-17,
          0,
          -2.220446049250313e-16,
          1,
          -0.07023304162604234,
          0.9975306109909383,
          2.21496290418108e-16
        ],
        "min": [
          -2.3912770497061846,
          0.7397937891427258,
          -1.3214019536972046
        ],
        "max": [
          0.6894943195892895,
          1.3105860344751752,
          1.2902649641036987
        ],
        "front": [
          0.07023304162604234,
          -0.9975306109909383,
          -2.21496290418108e-16
        ],
        "up": [
          0,
          -2.220446049250313e-16,
          1
        ]
      }
    },
    {
      "label": "wall_cabinet.2",
      "parts": [
        "door.1",
        "wall_cabinet.1"
      ],
      "type": "fixed",
      "obb": {
        "centroid": [
          0.025036665290400047,
          -0.7622276657744522,
          0.9331450164318084
        ],
        "axesLengths": [
          1.4858929937837217,
          0.6838980317115784,
          0.27963426538999836
        ],
        "normalizedAxes": [
          -0.9957771677483992,
          -0.09180322538438683,
          -2.038441091131978e-17,
          0,
          -2.220446049250313e-16,
          1,
          -0.09180322538438683,
          0.9957771677483992,
          2.2110694780605993e-16
        ],
        "min": [
          -0.7276081569185697,
          -0.9696592588748848,
          0.5911960005760191
        ],
        "max": [
          0.7776814874993698,
          -0.5547960726740196,
          1.2750940322875977
        ],
        "front": [
          -0.09180322538438683,
          0.9957771677483992,
          2.2110694780605993e-16
        ],
        "up": [
          0,
          -2.220446049250313e-16,
          1
        ]
      }
    }
  ],
  "articulations": {
    "door.1:door.1": {
      "type": "rotation",
      "origin": [
        -1.9424015338707976,
        -1.242286029815674,
        -0.33617481024104423
      ],
      "state": 0,
      "axis": [
        0,
        2.220446049250313e-16,
        -1
      ],
      "rangeMin": 0,
      "rangeMax": 1.5707963267948966,
      "isClosed": true
    },
    "refrigerator.1:door.1": {
      "type": "rotation",
      "origin": [
        -0.5562495197359769,
        -0.3336529960632324,
        -0.7212153364483512
      ],
      "state": 0,
      "axis": [
        0,
        -2.220446049250313e-16,
        1
      ],
      "rangeMin": 0,
      "rangeMax": 1.5707963267948966,
      "isClosed": true
    },
    "refrigerator.2:door.1": {
      "type": "rotation",
      "origin": [
        0.12420667801326188,
        -0.3073610112667084,
        -0.24977615184414653
      ],
      "state": 0,
      "axis": [
        -0.015129631968995663,
        0,
        0.9998855405677605
      ],
      "rangeMin": 0,
      "rangeMax": 1.5707963267948966,
      "isClosed": true
    },
    "refrigerator.2:door.2": {
      "type": "rotation",
      "origin": [
        0.09999408925240538,
        -0.31769501399993894,
        -0.9063324948427395
      ],
      "state": 0,
      "axis": [
        0,
        -2.220446049250313e-16,
        1
      ],
      "rangeMin": 0,
      "rangeMax": 1.5707963267948966,
      "isClosed": true
    },
    "sliding_door.1:door.1": {
      "type": "translation",
      "origin": [
        0.9943399177498413,
        -0.1503094956278801,
        -0.2744780246119372
      ],
      "state": 0.0003669950962067,
      "axis": [
        -0.07065062447706466,
        0.9974918354132936,
        -0.0043043634627763505
      ],
      "rangeMin": 0.0,
      "rangeMax": 0.7339999999999998,
      "isClosed": true
    },
    "wall_cabinet.1:door.1": {
      "type": "rotation",
      "origin": [
        -1.4811853829377406,
        0.8572279858589172,
        0.9886049665923767
      ],
      "state": 0,
      "axis": [
        0.02977539182170522,
        0,
        -0.9995566147256812
      ],
      "rangeMin": 0,
      "rangeMax": 1.5707963267948966,
      "isClosed": true
    },
    "wall_cabinet.1:door.10": {
      "type": "rotation",
      "origin": [
        0.6579818811890723,
        1.0661540088653565,
        0.11951652566671325
      ],
      "state": 0,
      "axis": [
        0.025443425132639037,
        -0.0,
        0.9996762636561497
      ],
      "rangeMin": 0,
      "rangeMax": 1.5707963267948966,
      "isClosed": true
    },
    "wall_cabinet.1:door.11": {
      "type": "rotation",
      "origin": [
        -0.6018897367099232,
        0.9559490084648132,
        -0.8710090981962925
      ],
      "state": 0,
      "axis": [
        -0.01884585637312465,
        -0.0,
        -0.9998224010780933
      ],
      "rangeMin": 0,
      "rangeMax": 1.5707963267948966,
      "isClosed": true
    },
    "wall_cabinet.1:door.12": {
      "type": "rotation",
      "origin": [
        0.1541381816114906,
        1.016720025062561,
        -0.8938838489905685
      ],
      "state": 0,
      "axis": [
        -0.0,
        -2.220446049250313e-16,
        1.0
      ],
      "rangeMin": 0,
      "rangeMax": 1.5533430342749532,
      "isClosed": true
    },
    "wall_cabinet.1:door.13": {
      "type": "rotation",
      "origin": [
        0.6807419415226981,
        1.05804301738739,
        -0.9051883332298588
      ],
      "state": 0,
      "axis": [
        -0.0,
        -2.220446049250313e-16,
        1.0
      ],
      "rangeMin": 0,
      "rangeMax": 1.5882496193148399,
      "isClosed": true
    },
    "wall_cabinet.1:door.14": {
      "type": "rotation",
      "origin": [
        -2.2681120873940035,
        0.794894024848938,
        -0.522417789422096
      ],
      "state": 0,
      "axis": [
        0.1466601268095092,
        -0.0,
        -0.9891869424958151
      ],
      "rangeMin": 0,
      "rangeMax": 1.5882496193148399,
      "isClosed": true
    },
    "wall_cabinet.1:door.15": {
      "type": "rotation",
      "origin": [
        -1.6990991799984978,
        0.8303804993629456,
        -0.48820553643398545
      ],
      "state": 0,
      "axis": [
        -0.04485019885643034,
        -0.0,
        0.9989937235351076
      ],
      "rangeMin": 0,
      "rangeMax": 1.5707963267948966,
      "isClosed": true
    },
    "wall_cabinet.1:door.2": {
      "type": "rotation",
      "origin": [
        -0.6399045143940313,
        0.9426969847679139,
        1.0060408807302175
      ],
      "state": 0,
      "axis": [
        -0.02977539182170522,
        -0.0,
        0.9995566147256812
      ],
      "rangeMin": 0,
      "rangeMax": 1.5882496193148399,
      "isClosed": true
    },
    "wall_cabinet.1:door.3": {
      "type": "rotation",
      "origin": [
        -0.6223532275772796,
        0.9449629878997803,
        0.9988414622320848
      ],
      "state": 0,
      "axis": [
        0.02977539182170522,
        0,
        -0.9995566147256812
      ],
      "rangeMin": 0,
      "rangeMax": 1.5707963267948966,
      "isClosed": true
    },
    "wall_cabinet.1:door.4": {
      "type": "rotation",
      "origin": [
        -0.19575450492399543,
        0.9805210280418396,
        1.0079882795176178
      ],
      "state": 0,
      "axis": [
        0.015129631968995663,
        -0.0,
        -0.9998855405677605
      ],
      "rangeMin": 0,
      "rangeMax": 1.5707963267948966,
      "isClosed": true
    },
    "wall_cabinet.1:door.5": {
      "type": "rotation",
      "origin": [
        0.6713122517734775,
        1.0580330581665038,
        1.0095709919507587
      ],
      "state": 0,
      "axis": [
        0,
        -2.220446049250313e-16,
        1
      ],
      "rangeMin": 0,
      "rangeMax": 1.5882496193148399,
      "isClosed": true
    },
    "wall_cabinet.1:door.6": {
      "type": "rotation",
      "origin": [
        -1.478501332354147,
        0.8552589974403381,
        0.9823858024645308
      ],
      "state": 0,
      "axis": [
        0,
        -2.220446049250313e-16,
        1
      ],
      "rangeMin": 0,
      "rangeMax": 1.5707963267948966,
      "isClosed": true
    },
    "wall_cabinet.1:door.7": {
      "type": "rotation",
      "origin": [
        -2.3225888795774097,
        0.7641339817047119,
        0.9939316182261565
      ],
      "state": 0,
      "axis": [
        -0.0084753342192593,
        0,
        -0.9999640837099458
      ],
      "rangeMin": 0,
      "rangeMax": 1.5707963267948966,
      "isClosed": true
    },
    "wall_cabinet.1:door.8": {
      "type": "rotation",
      "origin": [
        -0.602771896086627,
        0.933537483215332,
        0.12321678753020264
      ],
      "state": 0,
      "axis": [
        0.030618347512502257,
        -0.0,
        -0.9995311484869311
      ],
      "rangeMin": 0,
      "rangeMax": 1.5707963267948966,
      "isClosed": true
    },
    "wall_cabinet.1:door.9": {
      "type": "rotation",
      "origin": [
        0.21108425919317053,
        1.0169089784622172,
        0.12254935828381738
      ],
      "state": 0,
      "axis": [
        0.025443425132639037,
        -0.0,
        0.9996762636561497
      ],
      "rangeMin": 0,
      "rangeMax": 1.5707963267948966,
      "isClosed": true
    },
    "wall_cabinet.2:door.1": {
      "type": "rotation",
      "origin": [
        -0.649525501463073,
        -0.6978500099182129,
        0.8937365175083224
      ],
      "state": 0,
      "axis": [
        0,
        -2.220446049250313e-16,
        1
      ],
      "rangeMin": 0,
      "rangeMax": 1.5707963267948966,
      "isClosed": true
    }
  }
}